canvas 10  10  1000 1000
shape background Rectangle
motion	background	1     0     0     800   800   33    94    248  		50    0     0     800   800   33    94    248  
motion	background	50    0     0     800   800   33    94    248  		90    0     0     800   800   16    45    248  
motion	background	90    0     0     800   800   16    45    248  		200   0     0     800   800   16    45    248  
shape B0 Rectangle
motion	B0	1     80    424   326   100   0     0     0    		200   80    424   326   100   0     0     0    
shape B1 Rectangle
motion	B1	1     260   365   385   100   0     0     0    		200   260   365   385   100   0     0     0    
shape B2 Rectangle
motion	B2	1     440   375   375   100   0     0     0    		200   440   375   375   100   0     0     0    
shape B3 Rectangle
motion	B3	1     620   445   305   100   0     0     0    		200   620   445   305   100   0     0     0    
shape window000 Rectangle
motion	window000	1     100   850   20    20    255   255   255  		20    100   850   20    20    255   255   255  
motion	window000	20    100   850   20    20    255   255   255  		60    100   710   20    20    255   255   255  
motion	window000	60    100   710   20    20    255   255   255  		200   100   710   20    20    255   255   255  
shape window001 Rectangle
motion	window001	1     140   850   20    20    255   255   255  		20    140   850   20    20    255   255   255  
motion	window001	20    140   850   20    20    255   255   255  		60    140   710   20    20    255   255   255  
motion	window001	60    140   710   20    20    255   255   255  		200   140   710   20    20    255   255   255  
shape window010 Rectangle
motion	window010	1     100   890   20    20    255   255   255  		20    100   890   20    20    255   255   255  
motion	window010	20    100   890   20    20    255   255   255  		60    100   670   20    20    255   255   255  
motion	window010	60    100   670   20    20    255   255   255  		200   100   670   20    20    255   255   255  
shape window011 Rectangle
motion	window011	1     140   890   20    20    255   255   255  		20    140   890   20    20    255   255   255  
motion	window011	20    140   890   20    20    255   255   255  		60    140   670   20    20    255   255   255  
motion	window011	60    140   670   20    20    255   255   255  		200   140   670   20    20    255   255   255  
shape window020 Rectangle
motion	window020	1     100   930   20    20    255   255   255  		20    100   930   20    20    255   255   255  
motion	window020	20    100   930   20    20    255   255   255  		60    100   630   20    20    255   255   255  
motion	window020	60    100   630   20    20    255   255   255  		200   100   630   20    20    255   255   255  
shape window021 Rectangle
motion	window021	1     140   930   20    20    255   255   255  		20    140   930   20    20    255   255   255  
motion	window021	20    140   930   20    20    255   255   255  		60    140   630   20    20    255   255   255  
motion	window021	60    140   630   20    20    255   255   255  		82    140   630   20    20    255   255   255  
motion	window021	82    140   630   20    20    255   255   255  		87    140   630   20    20    255   255   0    
motion	window021	87    140   630   20    20    255   255   0    		200   140   630   20    20    255   255   0    
shape window030 Rectangle
motion	window030	1     100   970   20    20    255   255   255  		20    100   970   20    20    255   255   255  
motion	window030	20    100   970   20    20    255   255   255  		60    100   590   20    20    255   255   255  
motion	window030	60    100   590   20    20    255   255   255  		200   100   590   20    20    255   255   255  
shape window031 Rectangle
motion	window031	1     140   970   20    20    255   255   255  		20    140   970   20    20    255   255   255  
motion	window031	20    140   970   20    20    255   255   255  		60    140   590   20    20    255   255   255  
motion	window031	60    140   590   20    20    255   255   255  		200   140   590   20    20    255   255   255  
shape window040 Rectangle
motion	window040	1     100   1010  20    20    255   255   255  		20    100   1010  20    20    255   255   255  
motion	window040	20    100   1010  20    20    255   255   255  		60    100   550   20    20    255   255   255  
motion	window040	60    100   550   20    20    255   255   255  		200   100   550   20    20    255   255   255  
shape window041 Rectangle
motion	window041	1     140   1010  20    20    255   255   255  		20    140   1010  20    20    255   255   255  
motion	window041	20    140   1010  20    20    255   255   255  		60    140   550   20    20    255   255   255  
motion	window041	60    140   550   20    20    255   255   255  		147   140   550   20    20    255   255   255  
motion	window041	147   140   550   20    20    255   255   255  		152   140   550   20    20    255   255   0    
motion	window041	152   140   550   20    20    255   255   0    		200   140   550   20    20    255   255   0    
shape window050 Rectangle
motion	window050	1     100   1050  20    20    255   255   255  		20    100   1050  20    20    255   255   255  
motion	window050	20    100   1050  20    20    255   255   255  		60    100   510   20    20    255   255   255  
motion	window050	60    100   510   20    20    255   255   255  		200   100   510   20    20    255   255   255  
shape window051 Rectangle
motion	window051	1     140   1050  20    20    255   255   255  		20    140   1050  20    20    255   255   255  
motion	window051	20    140   1050  20    20    255   255   255  		60    140   510   20    20    255   255   255  
motion	window051	60    140   510   20    20    255   255   255  		200   140   510   20    20    255   255   255  
shape window060 Rectangle
motion	window060	1     100   1090  20    20    255   255   255  		20    100   1090  20    20    255   255   255  
motion	window060	20    100   1090  20    20    255   255   255  		60    100   470   20    20    255   255   255  
motion	window060	60    100   470   20    20    255   255   255  		147   100   470   20    20    255   255   255  
motion	window060	147   100   470   20    20    255   255   255  		152   100   470   20    20    255   255   0    
motion	window060	152   100   470   20    20    255   255   0    		200   100   470   20    20    255   255   0    
shape window061 Rectangle
motion	window061	1     140   1090  20    20    255   255   255  		20    140   1090  20    20    255   255   255  
motion	window061	20    140   1090  20    20    255   255   255  		60    140   470   20    20    255   255   255  
motion	window061	60    140   470   20    20    255   255   255  		93    140   470   20    20    255   255   255  
motion	window061	93    140   470   20    20    255   255   255  		98    140   470   20    20    255   255   0    
motion	window061	98    140   470   20    20    255   255   0    		200   140   470   20    20    255   255   0    
shape window100 Rectangle
motion	window100	1     280   -750  20    20    255   255   255  		20    280   -750  20    20    255   255   255  
motion	window100	20    280   -750  20    20    255   255   255  		60    280   710   20    20    255   255   255  
motion	window100	60    280   710   20    20    255   255   255  		200   280   710   20    20    255   255   255  
shape window101 Rectangle
motion	window101	1     320   -750  20    20    255   255   255  		20    320   -750  20    20    255   255   255  
motion	window101	20    320   -750  20    20    255   255   255  		60    320   710   20    20    255   255   255  
motion	window101	60    320   710   20    20    255   255   255  		108   320   710   20    20    255   255   255  
motion	window101	108   320   710   20    20    255   255   255  		113   320   710   20    20    255   255   0    
motion	window101	113   320   710   20    20    255   255   0    		200   320   710   20    20    255   255   0    
shape window110 Rectangle
motion	window110	1     280   -710  20    20    255   255   255  		20    280   -710  20    20    255   255   255  
motion	window110	20    280   -710  20    20    255   255   255  		60    280   670   20    20    255   255   255  
motion	window110	60    280   670   20    20    255   255   255  		95    280   670   20    20    255   255   255  
motion	window110	95    280   670   20    20    255   255   255  		100   280   670   20    20    255   255   0    
motion	window110	100   280   670   20    20    255   255   0    		200   280   670   20    20    255   255   0    
shape window111 Rectangle
motion	window111	1     320   -710  20    20    255   255   255  		20    320   -710  20    20    255   255   255  
motion	window111	20    320   -710  20    20    255   255   255  		60    320   670   20    20    255   255   255  
motion	window111	60    320   670   20    20    255   255   255  		200   320   670   20    20    255   255   255  
shape window120 Rectangle
motion	window120	1     280   -670  20    20    255   255   255  		20    280   -670  20    20    255   255   255  
motion	window120	20    280   -670  20    20    255   255   255  		60    280   630   20    20    255   255   255  
motion	window120	60    280   630   20    20    255   255   255  		200   280   630   20    20    255   255   255  
shape window121 Rectangle
motion	window121	1     320   -670  20    20    255   255   255  		20    320   -670  20    20    255   255   255  
motion	window121	20    320   -670  20    20    255   255   255  		60    320   630   20    20    255   255   255  
motion	window121	60    320   630   20    20    255   255   255  		200   320   630   20    20    255   255   255  
shape window130 Rectangle
motion	window130	1     280   -630  20    20    255   255   255  		20    280   -630  20    20    255   255   255  
motion	window130	20    280   -630  20    20    255   255   255  		60    280   590   20    20    255   255   255  
motion	window130	60    280   590   20    20    255   255   255  		200   280   590   20    20    255   255   255  
shape window131 Rectangle
motion	window131	1     320   -630  20    20    255   255   255  		20    320   -630  20    20    255   255   255  
motion	window131	20    320   -630  20    20    255   255   255  		60    320   590   20    20    255   255   255  
motion	window131	60    320   590   20    20    255   255   255  		148   320   590   20    20    255   255   255  
motion	window131	148   320   590   20    20    255   255   255  		153   320   590   20    20    255   255   0    
motion	window131	153   320   590   20    20    255   255   0    		200   320   590   20    20    255   255   0    
shape window140 Rectangle
motion	window140	1     280   -590  20    20    255   255   255  		20    280   -590  20    20    255   255   255  
motion	window140	20    280   -590  20    20    255   255   255  		60    280   550   20    20    255   255   255  
motion	window140	60    280   550   20    20    255   255   255  		200   280   550   20    20    255   255   255  
shape window141 Rectangle
motion	window141	1     320   -590  20    20    255   255   255  		20    320   -590  20    20    255   255   255  
motion	window141	20    320   -590  20    20    255   255   255  		60    320   550   20    20    255   255   255  
motion	window141	60    320   550   20    20    255   255   255  		200   320   550   20    20    255   255   255  
shape window150 Rectangle
motion	window150	1     280   -550  20    20    255   255   255  		20    280   -550  20    20    255   255   255  
motion	window150	20    280   -550  20    20    255   255   255  		60    280   510   20    20    255   255   255  
motion	window150	60    280   510   20    20    255   255   255  		200   280   510   20    20    255   255   255  
shape window151 Rectangle
motion	window151	1     320   -550  20    20    255   255   255  		20    320   -550  20    20    255   255   255  
motion	window151	20    320   -550  20    20    255   255   255  		60    320   510   20    20    255   255   255  
motion	window151	60    320   510   20    20    255   255   255  		99    320   510   20    20    255   255   255  
motion	window151	99    320   510   20    20    255   255   255  		104   320   510   20    20    255   255   0    
motion	window151	104   320   510   20    20    255   255   0    		200   320   510   20    20    255   255   0    
shape window160 Rectangle
motion	window160	1     280   -510  20    20    255   255   255  		20    280   -510  20    20    255   255   255  
motion	window160	20    280   -510  20    20    255   255   255  		60    280   470   20    20    255   255   255  
motion	window160	60    280   470   20    20    255   255   255  		200   280   470   20    20    255   255   255  
shape window161 Rectangle
motion	window161	1     320   -510  20    20    255   255   255  		20    320   -510  20    20    255   255   255  
motion	window161	20    320   -510  20    20    255   255   255  		60    320   470   20    20    255   255   255  
motion	window161	60    320   470   20    20    255   255   255  		200   320   470   20    20    255   255   255  
shape window170 Rectangle
motion	window170	1     280   -470  20    20    255   255   255  		20    280   -470  20    20    255   255   255  
motion	window170	20    280   -470  20    20    255   255   255  		60    280   430   20    20    255   255   255  
motion	window170	60    280   430   20    20    255   255   255  		200   280   430   20    20    255   255   255  
shape window171 Rectangle
motion	window171	1     320   -470  20    20    255   255   255  		20    320   -470  20    20    255   255   255  
motion	window171	20    320   -470  20    20    255   255   255  		60    320   430   20    20    255   255   255  
motion	window171	60    320   430   20    20    255   255   255  		200   320   430   20    20    255   255   255  
shape window180 Rectangle
motion	window180	1     280   -430  20    20    255   255   255  		20    280   -430  20    20    255   255   255  
motion	window180	20    280   -430  20    20    255   255   255  		60    280   390   20    20    255   255   255  
motion	window180	60    280   390   20    20    255   255   255  		200   280   390   20    20    255   255   255  
shape window181 Rectangle
motion	window181	1     320   -430  20    20    255   255   255  		20    320   -430  20    20    255   255   255  
motion	window181	20    320   -430  20    20    255   255   255  		60    320   390   20    20    255   255   255  
motion	window181	60    320   390   20    20    255   255   255  		200   320   390   20    20    255   255   255  
shape window200 Rectangle
motion	window200	1     460   850   20    20    255   255   255  		20    460   850   20    20    255   255   255  
motion	window200	20    460   850   20    20    255   255   255  		60    460   710   20    20    255   255   255  
motion	window200	60    460   710   20    20    255   255   255  		127   460   710   20    20    255   255   255  
motion	window200	127   460   710   20    20    255   255   255  		132   460   710   20    20    255   255   0    
motion	window200	132   460   710   20    20    255   255   0    		200   460   710   20    20    255   255   0    
shape window201 Rectangle
motion	window201	1     500   850   20    20    255   255   255  		20    500   850   20    20    255   255   255  
motion	window201	20    500   850   20    20    255   255   255  		60    500   710   20    20    255   255   255  
motion	window201	60    500   710   20    20    255   255   255  		200   500   710   20    20    255   255   255  
shape window210 Rectangle
motion	window210	1     460   890   20    20    255   255   255  		20    460   890   20    20    255   255   255  
motion	window210	20    460   890   20    20    255   255   255  		60    460   670   20    20    255   255   255  
motion	window210	60    460   670   20    20    255   255   255  		83    460   670   20    20    255   255   255  
motion	window210	83    460   670   20    20    255   255   255  		88    460   670   20    20    255   255   0    
motion	window210	88    460   670   20    20    255   255   0    		200   460   670   20    20    255   255   0    
shape window211 Rectangle
motion	window211	1     500   890   20    20    255   255   255  		20    500   890   20    20    255   255   255  
motion	window211	20    500   890   20    20    255   255   255  		60    500   670   20    20    255   255   255  
motion	window211	60    500   670   20    20    255   255   255  		200   500   670   20    20    255   255   255  
shape window220 Rectangle
motion	window220	1     460   930   20    20    255   255   255  		20    460   930   20    20    255   255   255  
motion	window220	20    460   930   20    20    255   255   255  		60    460   630   20    20    255   255   255  
motion	window220	60    460   630   20    20    255   255   255  		200   460   630   20    20    255   255   255  
shape window221 Rectangle
motion	window221	1     500   930   20    20    255   255   255  		20    500   930   20    20    255   255   255  
motion	window221	20    500   930   20    20    255   255   255  		60    500   630   20    20    255   255   255  
motion	window221	60    500   630   20    20    255   255   255  		200   500   630   20    20    255   255   255  
shape window230 Rectangle
motion	window230	1     460   970   20    20    255   255   255  		20    460   970   20    20    255   255   255  
motion	window230	20    460   970   20    20    255   255   255  		60    460   590   20    20    255   255   255  
motion	window230	60    460   590   20    20    255   255   255  		200   460   590   20    20    255   255   255  
shape window231 Rectangle
motion	window231	1     500   970   20    20    255   255   255  		20    500   970   20    20    255   255   255  
motion	window231	20    500   970   20    20    255   255   255  		60    500   590   20    20    255   255   255  
motion	window231	60    500   590   20    20    255   255   255  		200   500   590   20    20    255   255   255  
shape window240 Rectangle
motion	window240	1     460   1010  20    20    255   255   255  		20    460   1010  20    20    255   255   255  
motion	window240	20    460   1010  20    20    255   255   255  		60    460   550   20    20    255   255   255  
motion	window240	60    460   550   20    20    255   255   255  		200   460   550   20    20    255   255   255  
shape window241 Rectangle
motion	window241	1     500   1010  20    20    255   255   255  		20    500   1010  20    20    255   255   255  
motion	window241	20    500   1010  20    20    255   255   255  		60    500   550   20    20    255   255   255  
motion	window241	60    500   550   20    20    255   255   255  		112   500   550   20    20    255   255   255  
motion	window241	112   500   550   20    20    255   255   255  		117   500   550   20    20    255   255   0    
motion	window241	117   500   550   20    20    255   255   0    		200   500   550   20    20    255   255   0    
shape window250 Rectangle
motion	window250	1     460   1050  20    20    255   255   255  		20    460   1050  20    20    255   255   255  
motion	window250	20    460   1050  20    20    255   255   255  		60    460   510   20    20    255   255   255  
motion	window250	60    460   510   20    20    255   255   255  		128   460   510   20    20    255   255   255  
motion	window250	128   460   510   20    20    255   255   255  		133   460   510   20    20    255   255   0    
motion	window250	133   460   510   20    20    255   255   0    		200   460   510   20    20    255   255   0    
shape window251 Rectangle
motion	window251	1     500   1050  20    20    255   255   255  		20    500   1050  20    20    255   255   255  
motion	window251	20    500   1050  20    20    255   255   255  		60    500   510   20    20    255   255   255  
motion	window251	60    500   510   20    20    255   255   255  		200   500   510   20    20    255   255   255  
shape window260 Rectangle
motion	window260	1     460   1090  20    20    255   255   255  		20    460   1090  20    20    255   255   255  
motion	window260	20    460   1090  20    20    255   255   255  		60    460   470   20    20    255   255   255  
motion	window260	60    460   470   20    20    255   255   255  		200   460   470   20    20    255   255   255  
shape window261 Rectangle
motion	window261	1     500   1090  20    20    255   255   255  		20    500   1090  20    20    255   255   255  
motion	window261	20    500   1090  20    20    255   255   255  		60    500   470   20    20    255   255   255  
motion	window261	60    500   470   20    20    255   255   255  		96    500   470   20    20    255   255   255  
motion	window261	96    500   470   20    20    255   255   255  		101   500   470   20    20    255   255   0    
motion	window261	101   500   470   20    20    255   255   0    		200   500   470   20    20    255   255   0    
shape window270 Rectangle
motion	window270	1     460   1130  20    20    255   255   255  		20    460   1130  20    20    255   255   255  
motion	window270	20    460   1130  20    20    255   255   255  		60    460   430   20    20    255   255   255  
motion	window270	60    460   430   20    20    255   255   255  		200   460   430   20    20    255   255   255  
shape window271 Rectangle
motion	window271	1     500   1130  20    20    255   255   255  		20    500   1130  20    20    255   255   255  
motion	window271	20    500   1130  20    20    255   255   255  		60    500   430   20    20    255   255   255  
motion	window271	60    500   430   20    20    255   255   255  		200   500   430   20    20    255   255   255  
shape window300 Rectangle
motion	window300	1     640   -750  20    20    255   255   255  		20    640   -750  20    20    255   255   255  
motion	window300	20    640   -750  20    20    255   255   255  		60    640   710   20    20    255   255   255  
motion	window300	60    640   710   20    20    255   255   255  		200   640   710   20    20    255   255   255  
shape window301 Rectangle
motion	window301	1     680   -750  20    20    255   255   255  		20    680   -750  20    20    255   255   255  
motion	window301	20    680   -750  20    20    255   255   255  		60    680   710   20    20    255   255   255  
motion	window301	60    680   710   20    20    255   255   255  		135   680   710   20    20    255   255   255  
motion	window301	135   680   710   20    20    255   255   255  		140   680   710   20    20    255   255   0    
motion	window301	140   680   710   20    20    255   255   0    		200   680   710   20    20    255   255   0    
shape window310 Rectangle
motion	window310	1     640   -710  20    20    255   255   255  		20    640   -710  20    20    255   255   255  
motion	window310	20    640   -710  20    20    255   255   255  		60    640   670   20    20    255   255   255  
motion	window310	60    640   670   20    20    255   255   255  		103   640   670   20    20    255   255   255  
motion	window310	103   640   670   20    20    255   255   255  		108   640   670   20    20    255   255   0    
motion	window310	108   640   670   20    20    255   255   0    		200   640   670   20    20    255   255   0    
shape window311 Rectangle
motion	window311	1     680   -710  20    20    255   255   255  		20    680   -710  20    20    255   255   255  
motion	window311	20    680   -710  20    20    255   255   255  		60    680   670   20    20    255   255   255  
motion	window311	60    680   670   20    20    255   255   255  		200   680   670   20    20    255   255   255  
shape window320 Rectangle
motion	window320	1     640   -670  20    20    255   255   255  		20    640   -670  20    20    255   255   255  
motion	window320	20    640   -670  20    20    255   255   255  		60    640   630   20    20    255   255   255  
motion	window320	60    640   630   20    20    255   255   255  		200   640   630   20    20    255   255   255  
shape window321 Rectangle
motion	window321	1     680   -670  20    20    255   255   255  		20    680   -670  20    20    255   255   255  
motion	window321	20    680   -670  20    20    255   255   255  		60    680   630   20    20    255   255   255  
motion	window321	60    680   630   20    20    255   255   255  		200   680   630   20    20    255   255   255  
shape window330 Rectangle
motion	window330	1     640   -630  20    20    255   255   255  		20    640   -630  20    20    255   255   255  
motion	window330	20    640   -630  20    20    255   255   255  		60    640   590   20    20    255   255   255  
motion	window330	60    640   590   20    20    255   255   255  		81    640   590   20    20    255   255   255  
motion	window33